36
15
15
25
25
18
35
30
40
25
28
37
25
30
17
24
45
12
8
25
15
19
22
25
20
27
25
25
15
15
28
25
15
30
21
33
23
13
24
29
15
40
28
30
20
20
45
40
22
27
20
27
25
25
24
20
25
28
27
20
29
19
7
12
14
15
45
18
30
27
23
18
40
15
25
15
25
15
15
28
30
12
20
18
16
15
15
25
25
35
15
15
15
25
35
33
19
29
15
25
16
25
17
27
19
10
36
14
35
18
16
27
28
18
16
22
25
20
5
16
15
23
36
30
19
24
30
20
30
30
20
25
15
15
28
30
12
17
31
24
25
15
28
30
12
18
16
20
26
26
19
28
21
11
22
25
25
40
25
15
28
30
12
23