6
33
20
49
20
42
43
39
20
43
21
15
10
9
13
20
36
45
14
22
20
8
19
4
7
19
27
39
23
10
44
10
25
3
9
4
4
5
12
40
35
110
8
7
17
66
18
23
61
30
57
26
41
24
60
18
35
6
9
13
8
6
48
35
60
27
18
16
20
20
12
24
60
15
15
85
100
80
50
60
110
80
70
26
48
31
17
46
17
41
90
26
12
12
36
4
8
10
30
35
34
8
16
10
7
13
43
80
35
26
48
26
55
26
48
16
70
12
85
30
13
50
92
7
11
130
140
55
50
18
105
100
80
50
60
110
80
17
8
32
100
50
60
110
80
26
48
19
7
10
14
9
6
10
10
70
28
40
100
50
60
110
80
50